 1.1e-11  9.6e-12  9.1e-12  1.0e-11  7.7e-12  6.7e-12  9.8e-12  9.1e-12  6.2e-12  4.8e-12  8.2e-12  9.1e-12  7.5e-12  4.9e-12  5.3e-12  5.0e-12  1.1e-13  9.8e-14  1.0e-13  1.0e-13  9.9e-14  8.8e-14  9.8e-14  1.1e-13  1.1e-13  4.8e-14  1.0e-13  9.9e-14  1.2e-13  8.2e-14  6.9e-14  8.9e-14
 9.6e-12  1.1e-11  7.7e-12  1.0e-11  9.3e-12  5.5e-12  9.0e-12  9.7e-12  7.3e-12  4.0e-12  7.4e-12  9.0e-12  8.2e-12  5.7e-12  4.9e-12  5.1e-12  1.1e-13  9.4e-14  9.6e-14  1.0e-13  9.0e-14  7.7e-14  9.6e-14  1.0e-13  9.9e-14  3.8e-14  9.3e-14  9.4e-14  1.1e-13  7.4e-14  5.9e-14  7.6e-14
 9.1e-12  7.7e-12  1.0e-11  9.2e-12  6.8e-12  8.5e-12  1.0e-11  8.7e-12  6.0e-12  6.5e-12  9.5e-12  9.5e-12  7.5e-12  5.0e-12  6.3e-12  5.5e-12  8.6e-14  7.5e-14  7.2e-14  8.5e-14  6.9e-14  6.0e-14  7.5e-14  7.7e-14  7.2e-14  2.0e-14  6.8e-14  6.9e-14  7.8e-14  4.8e-14  3.1e-14  5.0e-14
 1.0e-11  1.0e-11  9.2e-12  1.2e-11  9.3e-12  7.0e-12  1.1e-11  1.1e-11  7.9e-12  5.4e-12  9.5e-12  1.1e-11  9.7e-12  6.6e-12  6.4e-12  6.5e-12  1.1e-13  9.3e-14  9.9e-14  9.9e-14  9.0e-14  8.8e-14  9.5e-14  9.9e-14  9.9e-14  4.1e-14  9.7e-14  9.4e-14  1.1e-13  7.7e-14  5.6e-14  7.2e-14
 7.7e-12  9.3e-12  6.8e-12  9.3e-12  1.1e-11  5.4e-12  8.8e-12  1.1e-11  9.5e-12  4.5e-12  7.9e-12  9.6e-12  1.0e-11  7.8e-12  5.7e-12  6.5e-12  1.2e-13  1.0e-13  1.0e-13  1.2e-13  8.6e-14  7.8e-14  1.1e-13  1.1e-13  9.4e-14  3.1e-14  9.5e-14  1.0e-13  1.1e-13  7.1e-14  4.5e-14  6.3e-14
 6.7e-12  5.5e-12  8.5e-12  7.0e-12  5.4e-12  1.0e-11  8.9e-12  7.3e-12  5.6e-12  8.4e-12  9.7e-12  8.6e-12  7.0e-12  5.3e-12  7.5e-12  6.1e-12  5.8e-14  5.4e-14  4.5e-14  5.8e-14  4.2e-14  4.1e-14  5.4e-14  4.9e-14  4.6e-14  2.9e-14  4.8e-14  5.0e-14  4.7e-14  2.7e-14  3.3e-14  3.4e-14
 9.8e-12  9.0e-12  1.0e-11  1.1e-11  8.8e-12  8.9e-12  1.3e-11  1.2e-11  8.2e-12  7.4e-12  1.2e-11  1.3e-11  1.1e-11  7.3e-12  8.3e-12  7.8e-12  8.8e-14  7.5e-14  8.1e-14  8.3e-14  7.4e-14  7.7e-14  8.0e-14  8.3e-14  8.4e-14  4.1e-14  8.1e-14  8.0e-14  9.1e-14  6.6e-14  5.1e-14  6.4e-14
 9.1e-12  9.7e-12  8.7e-12  1.1e-11  1.1e-11  7.3e-12  1.2e-11  1.3e-11  1.0e-11  6.3e-12  1.1e-11  1.3e-11  1.2e-11  9.0e-12  8.0e-12  8.6e-12  9.9e-14  8.2e-14  9.0e-14  9.3e-14  7.5e-14  8.0e-14  9.2e-14  9.0e-14  8.6e-14  4.5e-14  8.8e-14  8.9e-14  9.3e-14  6.8e-14  4.7e-14  5.7e-14
 6.2e-12  7.3e-12  6.0e-12  7.9e-12  9.5e-12  5.6e-12  8.2e-12  1.0e-11  1.1e-11  5.4e-12  8.3e-12  9.7e-12  1.1e-11  1.0e-11  6.9e-12  8.2e-12  1.1e-13  9.2e-14  8.3e-14  1.0e-13  7.8e-14  6.2e-14  9.4e-14  9.3e-14  8.6e-14  3.1e-14  8.4e-14  9.1e-14  9.6e-14  6.4e-14  4.9e-14  6.3e-14
 4.8e-12  4.0e-12  6.5e-12  5.4e-12  4.5e-12  8.4e-12  7.4e-12  6.3e-12  5.4e-12  1.0e-11  9.1e-12  7.8e-12  6.8e-12  5.8e-12  9.1e-12  7.0e-12  3.1e-14  2.8e-14  1.4e-14  2.8e-14  1.5e-14  1.2e-14  2.2e-14  1.9e-14  2.3e-14  9.3e-15  1.7e-14  2.1e-14  1.8e-14 -7.3e-16  1.9e-14  2.8e-14
 8.2e-12  7.4e-12  9.5e-12  9.5e-12  7.9e-12  9.7e-12  1.2e-11  1.1e-11  8.3e-12  9.1e-12  1.3e-11  1.3e-11  1.1e-11  8.1e-12  1.0e-11  9.2e-12  7.5e-14  6.7e-14  5.6e-14  7.2e-14  6.1e-14  5.0e-14  6.3e-14  6.7e-14  7.4e-14  2.7e-14  6.2e-14  6.2e-14  7.3e-14  4.5e-14  4.0e-14  5.9e-14
 9.1e-12  9.0e-12  9.5e-12  1.1e-11  9.6e-12  8.6e-12  1.3e-11  1.3e-11  9.7e-12  7.8e-12  1.3e-11  1.5e-11  1.3e-11  9.2e-12  9.6e-12  9.7e-12  8.7e-14  7.1e-14  7.6e-14  8.0e-14  7.2e-14  7.2e-14  7.9e-14  8.3e-14  8.9e-14  4.7e-14  8.2e-14  8.2e-14  9.4e-14  6.5e-14  5.9e-14  7.6e-14
 7.5e-12  8.2e-12  7.5e-12  9.7e-12  1.0e-11  7.0e-12  1.1e-11  1.2e-11  1.1e-11  6.8e-12  1.1e-11  1.3e-11  1.3e-11  1.1e-11  9.0e-12  1.0e-11  9.4e-14  8.0e-14  7.8e-14  8.9e-14  7.1e-14  6.7e-14  8.5e-14  8.3e-14  8.2e-14  4.0e-14  8.0e-14  8.1e-14  8.4e-14  5.6e-14  4.2e-14  5.2e-14
 4.9e-12  5.7e-12  5.0e-12  6.6e-12  7.8e-12  5.3e-12  7.3e-12  9.0e-12  1.0e-11  5.8e-12  8.1e-12  9.2e-12  1.1e-11  1.6e-11  7.9e-12  9.6e-12  5.2e-14  5.0e-14  3.9e-14  4.8e-14  4.6e-14  3.4e-14  4.8e-14  5.1e-14  6.1e-14  3.9e-14  5.2e-14  5.4e-14  5.6e-14  2.9e-14  5.5e-14  5.4e-14
 5.3e-12  4.9e-12  6.3e-12  6.4e-12  5.7e-12  7.5e-12  8.3e-12  8.0e-12  6.9e-12  9.1e-12  1.0e-11  9.6e-12  9.0e-12  7.9e-12  1.2e-11  9.6e-12  1.1e-14  1.2e-15  1.2e-14  1.9e-15  1.3e-14  2.3e-14  7.8e-15  1.2e-14  4.0e-14  4.2e-14  1.9e-14  2.0e-14  2.7e-14  1.2e-14  5.2e-14  7.0e-14
 5.0e-12  5.1e-12  5.5e-12  6.5e-12  6.5e-12  6.1e-12  7.8e-12  8.6e-12  8.2e-12  7.0e-12  9.2e-12  9.7e-12  1.0e-11  9.6e-12  9.6e-12  1.1e-11  5.7e-14  4.6e-14  5.0e-14  5.3e-14  5.8e-14  4.3e-14  5.5e-14  6.4e-14  8.0e-14  5.4e-14  6.1e-14  6.6e-14  7.6e-14  3.9e-14  7.0e-14  8.5e-14
 1.1e-13  1.1e-13  8.6e-14  1.1e-13  1.2e-13  5.8e-14  8.8e-14  9.9e-14  1.1e-13  3.1e-14  7.5e-14  8.7e-14  9.4e-14  5.2e-14  1.1e-14  5.7e-14  8.0e-13  7.2e-13  6.8e-13  7.9e-13  5.9e-13  4.4e-13  7.1e-13  7.0e-13  4.6e-13  3.3e-13  5.8e-13  6.6e-13  5.9e-13  2.7e-13  4.1e-13  4.0e-13
 9.8e-14  9.4e-14  7.5e-14  9.3e-14  1.0e-13  5.4e-14  7.5e-14  8.2e-14  9.2e-14  2.8e-14  6.7e-14  7.1e-14  8.0e-14  5.0e-14  1.2e-15  4.6e-14  7.2e-13  6.8e-13  6.0e-13  7.3e-13  5.7e-13  3.9e-13  6.5e-13  6.6e-13  4.4e-13  3.1e-13  5.4e-13  6.1e-13  5.7e-13  2.7e-13  4.1e-13  3.8e-13
 1.0e-13  9.6e-14  7.2e-14  9.9e-14  1.0e-13  4.5e-14  8.1e-14  9.0e-14  8.3e-14  1.4e-14  5.6e-14  7.6e-14  7.8e-14  3.9e-14  1.2e-14  5.0e-14  6.8e-13  6.0e-13  6.8e-13  7.0e-13  5.5e-13  5.4e-13  7.1e-13  6.9e-13  4.9e-13  4.5e-13  6.3e-13  6.8e-13  6.2e-13  3.6e-13  4.8e-13  4.4e-13
 1.0e-13  1.0e-13  8.5e-14  9.9e-14  1.2e-13  5.8e-14  8.3e-14  9.3e-14  1.0e-13  2.8e-14  7.2e-14  8.0e-14  8.9e-14  4.8e-14  1.9e-15  5.3e-14  7.9e-13  7.3e-13  7.0e-13  8.3e-13  6.3e-13  4.8e-13  7.7e-13  7.6e-13  5.2e-13  3.8e-13  6.4e-13  7.2e-13  6.7e-13  3.5e-13  4.7e-13  4.5e-13
 9.9e-14  9.0e-14  6.9e-14  9.0e-14  8.6e-14  4.2e-14  7.4e-14  7.5e-14  7.8e-14  1.5e-14  6.1e-14  7.2e-14  7.1e-14  4.6e-14  1.3e-14  5.8e-14  5.9e-13  5.7e-13  5.5e-13  6.3e-13  5.7e-13  4.2e-13  6.0e-13  6.5e-13  5.1e-13  3.9e-13  5.5e-13  6.1e-13  6.3e-13  4.0e-13  4.9e-13  4.7e-13
 8.8e-14  7.7e-14  6.0e-14  8.8e-14  7.8e-14  4.1e-14  7.7e-14  8.0e-14  6.2e-14  1.2e-14  5.0e-14  7.2e-14  6.7e-14  3.4e-14  2.3e-14  4.3e-14  4.4e-13  3.9e-13  5.4e-13  4.8e-13  4.2e-13  5.6e-13  5.6e-13  5.5e-13  4.5e-13  5.1e-13  5.6e-13  5.8e-13  5.5e-13  4.1e-13  4.8e-13  4.3e-13
 9.8e-14  9.6e-14  7.5e-14  9.5e-14  1.1e-13  5.4e-14  8.0e-14  9.2e-14  9.4e-14  2.2e-14  6.3e-14  7.9e-14  8.5e-14  4.8e-14  7.8e-15  5.5e-14  7.1e-13  6.5e-13  7.1e-13  7.7e-13  6.0e-13  5.6e-13  7.7e-13  7.7e-13  5.6e-13  4.9e-13  6.8e-13  7.6e-13  7.1e-13  4.4e-13  5.3e-13  5.0e-13
 1.1e-13  1.0e-13  7.7e-14  9.9e-14  1.1e-13  4.9e-14  8.3e-14  9.0e-14  9.3e-14  1.9e-14  6.7e-14  8.3e-14  8.3e-14  5.1e-14  1.2e-14  6.4e-14  7.0e-13  6.6e-13  6.9e-13  7.6e-13  6.5e-13  5.5e-13  7.7e-13  8.0e-13  6.2e-13  5.1e-13  7.0e-13  7.8e-13  7.8e-13  5.2e-13  6.1e-13  5.8e-13
 1.1e-13  9.9e-14  7.2e-14  9.9e-14  9.4e-14  4.6e-14  8.4e-14  8.6e-14  8.6e-14  2.3e-14  7.4e-14  8.9e-14  8.2e-14  6.1e-14  4.0e-14  8.0e-14  4.6e-13  4.4e-13  4.9e-13  5.2e-13  5.1e-13  4.5e-13  5.6e-13  6.2e-13  5.6e-13  4.6e-13  5.6e-13  6.1e-13  6.7e-13  5.2e-13  5.4e-13  5.3e-13
 4.8e-14  3.8e-14  2.0e-14  4.1e-14  3.1e-14  2.9e-14  4.1e-14  4.5e-14  3.1e-14  9.3e-15  2.7e-14  4.7e-14  4.0e-14  3.9e-14  4.2e-14  5.4e-14  3.3e-13  3.1e-13  4.5e-13  3.8e-13  3.9e-13  5.1e-13  4.9e-13  5.1e-13  4.6e-13  6.1e-13  5.4e-13  5.6e-13  5.6e-13  4.8e-13  6.0e-13  5.0e-13
 1.0e-13  9.3e-14  6.8e-14  9.7e-14  9.5e-14  4.8e-14  8.1e-14  8.8e-14  8.4e-14  1.7e-14  6.2e-14  8.2e-14  8.0e-14  5.2e-14  1.9e-14  6.1e-14  5.8e-13  5.4e-13  6.3e-13  6.4e-13  5.5e-13  5.6e-13  6.8e-13  7.0e-13  5.6e-13  5.4e-13  6.7e-13  7.2e-13  7.0e-13  4.9e-13  5.9e-13  5.4e-13
 9.9e-14  9.4e-14  6.9e-14  9.4e-14  1.0e-13  5.0e-14  8.0e-14  8.9e-14  9.1e-14  2.1e-14  6.2e-14  8.2e-14  8.1e-14  5.4e-14  2.0e-14  6.6e-14  6.6e-13  6.1e-13  6.8e-13  7.2e-13  6.1e-13  5.8e-13  7.6e-13  7.8e-13  6.1e-13  5.6e-13  7.2e-13  7.9e-13  7.8e-13  5.4e-13  6.4e-13  6.0e-13
 1.2e-13  1.1e-13  7.8e-14  1.1e-13  1.1e-13  4.7e-14  9.1e-14  9.3e-14  9.6e-14  1.8e-14  7.3e-14  9.4e-14  8.4e-14  5.6e-14  2.7e-14  7.6e-14  5.9e-13  5.7e-13  6.2e-13  6.7e-13  6.3e-13  5.5e-13  7.1e-13  7.8e-13  6.7e-13  5.6e-13  7.0e-13  7.8e-13  8.4e-13  6.5e-13  6.9e-13  6.8e-13
 8.2e-14  7.4e-14  4.8e-14  7.7e-14  7.1e-14  2.7e-14  6.6e-14  6.8e-14  6.4e-14 -7.3e-16  4.5e-14  6.5e-14  5.6e-14  2.9e-14  1.2e-14  3.9e-14  2.7e-13  2.7e-13  3.6e-13  3.5e-13  4.0e-13  4.1e-13  4.4e-13  5.2e-13  5.2e-13  4.8e-13  4.9e-13  5.4e-13  6.5e-13  6.8e-13  5.6e-13  5.5e-13
 6.9e-14  5.9e-14  3.1e-14  5.6e-14  4.5e-14  3.3e-14  5.1e-14  4.7e-14  4.9e-14  1.9e-14  4.0e-14  5.9e-14  4.2e-14  5.5e-14  5.2e-14  7.0e-14  4.1e-13  4.1e-13  4.8e-13  4.7e-13  4.9e-13  4.8e-13  5.3e-13  6.1e-13  5.4e-13  6.0e-13  5.9e-13  6.4e-13  6.9e-13  5.6e-13  7.6e-13  7.0e-13
 8.9e-14  7.6e-14  5.0e-14  7.2e-14  6.3e-14  3.4e-14  6.4e-14  5.7e-14  6.3e-14  2.8e-14  5.9e-14  7.6e-14  5.2e-14  5.4e-14  7.0e-14  8.5e-14  4.0e-13  3.8e-13  4.4e-13  4.5e-13  4.7e-13  4.3e-13  5.0e-13  5.8e-13  5.3e-13  5.0e-13  5.4e-13  6.0e-13  6.8e-13  5.5e-13  7.0e-13  7.1e-13
